let colorArray = [
  47,32,13, 43,30,13, 47,31,15, 40,28,11, 36,24,8, 38,26,10, 43,30,13, 42,29,13,
  43,30,13, 43,30,13, 43,30,13, 51,36,17, 66,42,18, 63,42,21, 44,30,14, 40,28,11,
  43,30,13, 182,137,108, 189,142,114, 198,150,128, 189,139,114, 189,142,116, 172,118,90, 52,37,18,
  170,125,102, 180,132,109, 170,125,102, 173,128,109, 156,114,92, 187,137,114, 156,105,76, 156,105,76,
  180,132,109, 255,255,255, 82,61,137, 181,123,103, 187,137,114, 82,61,137, 255,255,255, 170,125,102,
  156,99,70, 179,123,98, 183,130,114, 106,64,48, 106,64,48, 190,136,108, 162,106,71, 128,83,52,
  144,94,67, 150,95,64, 65,33,12, 138,76,61, 138,76,61, 65,33,12, 143,94,62, 129,83,57,
  111,69,44, 109,67,42, 65,33,12, 65,33,12, 65,33,12, 65,33,12, 131,85,59, 122,78,51
];
let counter = 0;

function setup() {
  createCanvas(400, 400);
  noStroke();
}

function draw() {
  counter = 0;
  
  for (let y = 0; y < 400; y += 50) {
    for (let x = 0; x < 400; x += 50) {
      fill(colorArray[counter], colorArray[counter + 1], colorArray[counter + 2]);
      rect(x, y, 50, 50);
      counter += 3;
    }
  }
}